"1",1,194809.182556609,2490482.36042212
"2",1,195550.665693407,2490619.79266471
"3",1,196279.457354864,2490825.92319527
"4",1,196992.615861814,2491099.06786787
"5",1,197687.438968868,2491436.77164707
"6",1,198361.511932068,2491835.88551343
"7",1,199012.743941596,2492292.66333076
"8",1,199639.391936825,2492802.87283561
"9",1,200240.071694053,2493361.9144635
"10",1,200813.756872612,2493964.94183865
"11",1,201359.767352294,2494606.97834673
"12",1,201877.748651649,2495283.02515803
"13",1,202367.644469411,2495988.15722414
"14",1,202829.664452811,2496717.60499098
"15",1,203264.249197971,2497466.82073141
"16",1,203672.034270777,2498231.52941249
"17",1,204053.814745859,2499007.7648223
"18",1,204410.51143748,2499791.89226912
"19",1,204743.139672766,2500580.61953895
"20",1,205052.781159286,2501370.99798167
"21",1,205340.55924087,2502160.41562629
"22",1,205607.61762508,2502946.58414199
"23",1,205855.102504331,2503727.52130013
"24",1,206084.147876891,2504501.53038613
"25",1,206295.863798349,2505267.17778463
"26",1,206491.327251544,2506023.26973641
"27",1,206671.575306175,2506768.82905386
"28",1,206837.600241813,2507503.07239213
"29",1,206990.346323772,2508225.38850859
"30",1,207130.707945667,2508935.31780565
"31",1,207259.528881505,2509632.53334028
"32",1,207377.602421128,2510316.8233948
"33",1,207485.672193684,2510988.07563594
"34",1,207584.433513106,2511646.26283899
"35",1,207674.535106693,2512291.43011767
"36",1,207756.581112088,2512923.68357677
"37",1,207831.133249371,2513543.18028933
"38",1,207898.713093421,2514150.11949244
"39",1,207959.804387434,2514744.73489329
"40",1,208014.855351743,2515327.28797799
"41",1,208064.280953052,2515898.06222015
"42",1,208108.465108235,2516457.35809137
"43",1,208147.762804208,2517005.48878291
"44",1,208182.502121253,2517542.77655493
"45",1,208212.986151861,2518069.54963717
"46",1,208239.494810856,2518586.13961241
"47",1,208262.28653536,2519092.87922105
"48",1,208281.599875348,2519590.10053169
"49",1,208297.654977135,2520078.13342906
"50",1,208310.654963283,2520557.30437614
"51",1,208320.787213238,2521027.9354125
"52",1,208328.224549533,2521490.34335553
"53",1,208333.126334678,2521944.83917558
"54",1,208335.63948404,2522391.72751951
"55",1,208335.899399984,2522831.30636057
"56",1,208334.030832509,2523263.86675551
"57",1,208330.148671419,2523689.69269229
"58",1,208324.35867492,2524109.06101397
"59",1,208316.758139254,2524522.24140654
"60",1,208307.436513762,2524929.49644001
"61",1,208296.475965503,2525331.08165352
"62",1,208283.951897273,2525727.24567679
"63",1,208269.933422635,2526118.23038115
"64",1,208254.483801279,2526504.2710544
"65",1,208237.660837819,2526885.59659477
"66",1,208219.517246879,2527262.4297197
"67",1,208200.100987091,2527634.98718624
"68",1,208179.455566432,2528003.48001974
"69",1,208157.620321114,2528368.11374885
"70",1,208134.630670068,2528729.08864443
"71",1,208110.518346877,2529086.59996088
"72",1,208085.311610861,2529440.83817842
"73",1,208059.035438859,2529791.98924524
"74",1,208031.711699127,2530140.23481865
"75",1,208003.35930863,2530485.75250439
"76",1,207973.99437489,2530828.71609372
"77",1,207943.630323446,2531169.29579776
"78",1,207912.278011881,2531507.65847877
"79",1,207879.945831265,2531843.96787836
"80",1,207846.639795797,2532178.38484222
"81",1,207812.363621313,2532511.06754167
"82",1,207777.118793304,2532842.17169171
"83",1,207740.904624956,2533171.85076595
"84",1,207703.718305714,2533500.25620831
"85",1,207665.554940762,2533827.53764173
"86",1,207626.407581801,2534153.84307411
"87",1,207586.267249413,2534479.31910152
"88",1,207545.122947257,2534804.11110908
"89",1,207502.961668314,2535128.36346959
"90",1,207459.768393326,2535452.21974023
"91",1,207415.526081535,2535775.82285754
"92",1,207370.215653789,2536099.31533094
"93",1,207323.815968034,2536422.83943499
"94",1,207276.303787177,2536746.53740068
"95",1,207227.653739238,2537070.55160599
"96",1,207177.83826971,2537395.02476583
"97",1,207126.827585949,2537720.10012179
"98",1,207074.589593439,2538045.92163161
"99",1,207021.089823661,2538372.63415884
"100",1,206966.291353319,2538700.3836626
"101",1,206910.154714589,2539029.31738767
"102",1,206852.63779602,2539359.58405508
"103",1,206793.695733679,2539691.33405303
"104",1,206733.280792076,2540024.71962834
"105",1,206671.342234343,2540359.89507839
"106",1,206607.826181114,2540697.01694321
"107",1,206542.675457468,2541036.24419782
"108",1,206475.82942726,2541377.73844437
"109",1,206407.223814099,2541721.6641038
"110",1,206336.790508164,2542068.1886065
"111",1,206264.457357988,2542417.48258137
"112",1,206190.147946281,2542769.72004254
"113",1,206113.781348771,2543125.07857281
"114",1,206035.271874992,2543483.73950267
"115",1,205954.528789874,2543845.8880835
"116",1,205871.456014888,2544211.71365339
"117",1,205785.951807468,2544581.40979351
"118",1,205697.908417324,2544955.17447287
"119",1,205607.211718204,2545333.21017862
"120",1,205513.7408136,2545715.7240287
"121",1,205417.367614818,2546102.92786321
"122",1,205317.956389809,2546495.03830998
"123",1,205215.363281087,2546892.2768193
"124",1,205109.435791082,2547294.86966188
"125",1,205000.012233231,2547703.04788316
"126",1,204886.92114721,2548117.04720598
"127",1,204769.980676715,2548537.10787232
"128",1,204648.997908385,2548963.47441365
"129",1,204523.768170616,2549396.39533739
"130",1,204394.074291277,2549836.12271555
"131",1,204259.685813728,2550282.9116593
"132",1,204120.358170987,2550737.01966077
"133",1,203975.831818547,2551198.70578111
"134",1,203825.831327126,2551668.22966033
"135",1,203670.064437672,2552145.85032138
"136",1,203508.221082185,2552631.82473728
"137",1,203339.97237556,2553126.40612557
"138",1,203164.969585556,2553629.84193033
"139",1,202982.843090445,2554142.37144652
"140",1,202793.201336775,2554664.22303648
"141",1,202595.629813253,2555195.61088254
"142",1,202389.690060973,2555736.73121358
"143",1,202174.918745279,2556287.75793771
"144",1,201950.826820596,2556848.83760675
"145",1,201716.898826586,2557420.08363265
"146",1,201472.592362274,2558001.56967117
"147",1,201217.337794338,2558593.32208371
"148",1,200950.538266654,2559195.31138686
"149",1,200671.570090611,2559807.44259923
"150",1,200379.783609439,2560429.5444
"151",1,200074.504644913,2561061.35702267
"152",1,199755.036650967,2561702.51882386
"153",1,199420.663715505,2562352.55149145
"154",1,199070.654568488,2563010.84389202
"155",1,198704.267770046,2563676.63460592
"156",1,198320.758265672,2564348.99326336
"157",1,197919.385504488,2565026.80087773
"158",1,197499.423318808,2565708.72947709
"159",1,197060.171755698,2566393.22146153
"160",1,196600.971030287,2567078.4692656
"161",1,196121.217732136,2567762.3960778
"162",1,195620.383355442,2568442.63856189
"163",1,195098.035136869,2569116.53272808
"164",1,194553.859067346,2569781.10430549
"165",1,193987.684793807,2570433.06515205
"166",1,193399.511943321,2571068.81738144
"167",1,192789.537188842,2571684.46695882
"168",1,192158.181141239,2572275.84848421
"169",1,191506.113910637,2572838.56270811
"170",1,190834.277952508,2573368.02797509
"171",1,190143.906628067,2573859.54624175
"172",1,189436.536796909,2574308.38355825
"173",1,188714.013757392,2574709.86395084
"174",1,187978.486988727,2575059.4745447
"175",1,187232.395451306,2575352.97860107
"176",1,186478.441675499,2575586.53202454
"177",1,185719.554499606,2575756.79796096
"178",1,184958.841065152,2575861.05349792
"179",1,184199.529477872,2575897.28232434
"180",1,183444.904312429,2575864.24758854
"181",1,182698.237786939,2575761.54013731
"182",1,181962.719874828,2575589.59876633
"183",1,181241.390793004,2575349.70093359
"184",1,180537.079176965,2575043.92439123
"185",1,179852.34883607,2574675.08215517
"186",1,179189.456325319,2574246.63493922
"187",1,178550.320754031,2573762.58645525
"188",1,177936.506373219,2573227.3677143
"189",1,177349.217638954,2572645.71662397
"190",1,176789.305720516,2572022.55881225
"191",1,176257.284866754,2571362.89481958
"192",1,175753.35668955,2570671.69773062
"193",1,175277.440269038,2569953.82411242
"194",1,174829.20600861,2569213.93992203
"195",1,174408.111330877,2568456.46195165
"196",1,174013.436565046,2567685.51446418
"197",1,173644.319688163,2566904.89997247
"198",1,173299.788909894,2566118.08263727
"199",1,172978.792403924,2565328.18248419
"200",1,172680.224768679,2564537.97853759
"201",1,172402.950034899,2563749.91900079
"202",1,172145.821223333,2562966.13673928
"203",1,171907.696593876,2562188.46851098
"204",1,171687.452822306,2561418.47660641
"205",1,171483.99539901,2560657.4717888
"206",1,171296.266572898,2559906.53664378
"207",1,171123.251170038,2559166.54864985
"208",1,170963.980606774,2558438.2024579
"209",1,170817.535396472,2557722.03101943
"210",1,170683.046421979,2557018.42532716
"211",1,170559.695215526,2556327.65263212
"212",1,170446.713456739,2555649.8730785
"213",1,170343.381869164,2554985.15475664
"214",1,170249.028667454,2554333.48721686
"215",1,170163.027681663,2553694.79351669
"216",1,170084.796262265,2553068.94089305
"217",1,170013.793049615,2552455.75016229
"218",1,169949.515674509,2551855.00395568
"219",1,169891.498442012,2551266.45389877
"220",1,169839.310038684,2550689.8268401
"221",1,169792.551293324,2550124.83022987
"222",1,169750.853013219,2549571.15674294
"223",1,169713.873911297,2549028.48823344
"224",1,169681.298634293,2548496.49910071
"225",1,169652.835897935,2547974.85913908
"226",1,169628.21673187,2547463.23593663
"227",1,169607.192834606,2546961.29688111
"228",1,169589.535036867,2546468.71082491
"229",1,169575.031870392,2545985.14945504
"230",1,169563.488238235,2545510.28840843
"231",1,169554.724181977,2545043.80816826
"232",1,169548.573740833,2544585.39477238
"233",1,169544.883897431,2544134.74036101
"234",1,169543.513604956,2543691.54358745
"235",1,169544.332890411,2543255.50991235
"236",1,169547.22202883,2542826.3517994
"237",1,169552.070783493,2542403.78882786
"238",1,169558.77770737,2541987.54773521
"239",1,169567.249501305,2541577.36240155
"240",1,169577.400424676,2541172.9737854
"241",1,169589.15175454,2540774.12981948
"242",1,169602.431289541,2540380.58527376
"243",1,169617.172895119,2539992.10159184
"244",1,169633.3160868,2539608.44670597
"245",1,169650.805648597,2539229.3948352
"246",1,169669.591283788,2538854.72627042
"247",1,169689.627295533,2538484.22714947
"248",1,169710.872295026,2538117.689225
"249",1,169733.288935057,2537754.9096273
"250",1,169756.843667017,2537395.69062402
"251",1,169781.506519602,2537039.83937813
"252",1,169807.250897554,2536687.16770567
"253",1,169834.053398997,2536337.49183391
"254",1,169861.893649991,2535990.63216112
"255",1,169890.7541551,2535646.41301827
"256",1,169920.620162867,2535304.66243329
"257",1,169951.479545177,2534965.2118982
"258",1,169983.322689629,2534627.89613938
"259",1,170016.142404084,2534292.55289106
"260",1,170049.933832668,2533959.02267222
"261",1,170084.694382585,2533627.14856677
"262",1,170120.423661148,2533296.77600705
"263",1,170157.123422535,2532967.75256057
"264",1,170194.797523817,2532639.92771982
"265",1,170233.451889863,2532313.15269493
"266",1,170273.094486813,2531987.28020917
"267",1,170313.735303822,2531662.16429693
"268",1,170355.386342856,2531337.66010393
"269",1,170398.061616377,2531013.62368966
"270",1,170441.777152757,2530689.91183154
"271",1,170486.551009365,2530366.38183069
"272",1,170532.403293262,2530042.89131909
"273",1,170579.356189525,2529719.29806782
"274",1,170627.433997227,2529395.45979618
"275",1,170676.663173161,2529071.23398144
"276",1,170727.072383449,2528746.47766906
"277",1,170778.692563184,2528421.04728305
"278",1,170831.556984337,2528094.79843649
"279",1,170885.701332163,2527767.58574178
"280",1,170941.163790429,2527439.26262076
"281",1,170997.985135786,2527109.68111436
"282",1,171056.208841692,2526778.69169188
"283",1,171115.881192313,2526446.14305976
"284",1,171177.051406911,2526111.88196991
"285",1,171239.77177523,2525775.75302766
"286",1,171304.097804511,2525437.59849952
"287",1,171370.088378763,2525097.25812091
"288",1,171437.805931008,2524754.56890417
"289",1,171507.316629288,2524409.3649474
"290",1,171578.690577245,2524061.47724446
"291",1,171652.002030196,2523710.733497
"292",1,171727.329627679,2523356.95792922
"293",1,171804.756643486,2522999.97110654
"294",1,171884.371254337,2522639.58975925
"295",1,171966.266828348,2522275.6266128
"296",1,172050.542234583,2521907.89022645
"297",1,172137.30217501,2521536.18484235
"298",1,172226.657540276,2521160.31024771
"299",1,172318.725790787,2520780.06165281
"300",1,172413.631364612,2520395.22958855
"301",1,172511.506113834,2520005.59982738
"302",1,172612.489770964,2519610.95333242
"303",1,172716.730447096,2519211.06624037
"304",1,172824.385163481,2518805.7098844
"305",1,172935.620418159,2518394.65086464
"306",1,173050.612789272,2517977.65117471
"307",1,173169.549576536,2517554.46839422
"308",1,173292.629482236,2517124.8559588
"309",1,173420.063332857,2516688.56352057
"310",1,173552.074842169,2516245.33741443
"311",1,173688.901416149,2515794.9212474
"312",1,173830.794999598,2515337.05663079
"313",1,173978.022963577,2514871.48407809
"314",1,174130.869031892,2514397.94409429
"315",1,174289.634243719,2513916.17848616
"316",1,174454.63794803,2513425.93192667
"317",1,174626.218823719,2512926.95381153
"318",1,174804.735917153,2512419.00045003
"319",1,174990.569686232,2511901.83763795
"320",1,175184.123036803,2511375.24366569
"321",1,175385.822333439,2510839.01282052
"322",1,175596.118361903,2510292.95944806
"323",1,175815.487215132,2509736.9226441
"324",1,176044.431068027,2509170.7716538
"325",1,176283.478798708,2508594.41206075
"326",1,176533.186404976,2508007.79285299
"327",1,176794.137154528,2507410.91445586
"328",1,177066.94139579,2506803.83782279
"329",1,177352.235943168,2506186.69467228
"330",1,177650.682936065,2505559.69895308
"331",1,177962.968055331,2504923.15960667
"332",1,178289.797964267,2504277.49467626
"333",1,178631.896824461,2503623.24678174
"334",1,178990.001720309,2502961.09993804
"335",1,179364.85681143,2502291.89763851
"336",1,179757.206020768,2501616.66205073
"337",1,180167.784060251,2500936.61407908
"338",1,180597.305598119,2500253.19393275
"339",1,181046.452385767,2499568.08169847
"340",1,181515.858191107,2498883.21725527
"341",1,182006.091434362,2498200.81868472
"342",1,182517.635495433,2497523.39813109
"343",1,183050.866763769,2496853.77386066
"344",1,183606.030635383,2496195.07707281
"345",1,184183.215828767,2495550.75184815
"346",1,184782.327590568,2494924.54650691
"347",1,185403.060587121,2494320.49462717
"348",1,186044.872518302,2493742.88407099
"349",1,186706.959727782,2493196.21262491
"350",1,187388.23629435,2492685.12930744
"351",1,188087.31824203,2492214.36105016
"352",1,188802.514568028,2491788.62531693
"353",1,189531.826723131,2491412.53025863
"354",1,190272.957960707,2491090.46514494
"355",1,191023.33358199,2490826.48497217
"356",1,191780.132549913,2490624.19419089
"357",1,192540.330248182,2490486.63528666
"358",1,193300.751379065,2490416.18834272
"359",1,194058.131197212,2490414.48760718
"360",1,194809.182556609,2490482.36042212
